Checkpoint 448 64
Planet 256 440 3 1
Planet 2368 1152 2 2
Planet 5888 896 4 3
Planet 6524 384 2 1
Planet 12200 1088 5 2
Planet 17280 568 5 3
Planet 21056 -64 2 1
Planet 22272 768 5 3
Bricks -448 0 36 1 1
Gun 576 64
Bricks 704 64 1 2 2
Coin 704 192
Coin 1088 256
Coin 1472 256
Bricks 896 64 1 2 2
Spike 768 64
Spike 832 64
Bricks 1088 64 1 3 2
Spike 960 64
Spike 1024 64
Bricks 1280 64 1 3 2
Spike 1152 64
Spike 1216 64
Bricks 1472 64 1 3 2
Spike 1344 64
Spike 1408 64
Enemy 1792 64 2000 2000
Enemy 2304 64 2000 2000
Bricks 1856 -448 1 8 1
Brick 1856 64 2

Bricks 1856 -448 7 1 1
Spike 1920 -384
Spike 1984 -384
Spike 2048 -384
Spike 2112 -384
Spike 2176 -384
Bricks 2240 -384 1 7 1
Brick 2240 64 2
Bricks 2304 0 54 1 1
Bricks 2624 64 1 2 2
Brick 2688 64 2
Spike 2752 64
Spike 2816 64
Spike 2880 64
Brick 2944 64 2
Coin 2944 128
Bricks 3008 64 1 2 2
Brick 3328 64 2
Bricks 3392 64 1 3 2
Bricks 3456 192 8 1 2
Box 3456 64
Coin 3904 384
Bricks 3968 384 3 1 2
Bricks 4096 448 46 1 2
Coin 4160 512
Coin 4352 512
Coin 4554 512
Enemy 4416 256 2000 2000
Enemy 4864 256 2000 2000
Box 4736 512
Bricks 4800 512 1 2 2
Bricks 4160 192 5 1 2
Bricks 4608 192 5 1 2
Coin 4224 256
Coin 4352 256
Coin 4672 256
Coin 4800 256
Bricks 5248 192 1 4 2
Box 5632 64

Brick 896 1024 2
Coin 896 1088
Brick 1088 1024 2
Coin 1088 1088
Brick 1280 1024 2
Coin 1280 1088
Bricks 1472 1024 12 1 2
Box 1536 1088
Box 1664 1088
Box 1920 1088
Box 1792 1088
Box 2048 1088
Brick 2560 1024 2
Coin 2560 1088
Brick 2880 1024 2
Coin 2880 1088
Brick 3200 1024 2
Coin 3200 1088
Bricks 3456 1024 2 1 2
Bricks 3776 1024 2 1 2
WeakBrick 4032 960
WeakBrick 4160 832
WeakBrick 4352 832
WeakBrick 4480 704
WeakBrick 4672 704

Coin 5504 512
Coin 5760 512
Coin 6016 512
Cannon 6336 506 TRUE
Box 6720 512
Brick 6976 512 2

WeakBrick 5824 128
WeakBrick 5888 128
WeakBrick 5952 128
Coin 5888 192
WeakBrick 6208 128
WeakBrick 6272 128
WeakBrick 6336 128
Coin 6272 192
WeakBrick 6592 128
WeakBrick 6656 128
WeakBrick 6720 128
Coin 6656 192
Bricks 6848 0 28 1 1
Bricks 7104 64 1 2 2
Coin 7296 64
Bricks 7488 64 1 2 2
Coin 7680 64
Bricks 7872 64 1 2 2
Coin 8064 64
Bricks 8256 64 1 2 2

Enemy 7424 64 2000 2000
Enemy 7808 64 2000 2000
Enemy 8192 64 2000 2000
Brick 7232 512 2
Coin 7232 576
Brick 7488 512 2
Coin 7488 576
Brick 7744 512 2
Coin 7744 576
Brick 8000 512 2
Coin 8000 576
Brick 8256 512 2
Box 8256 576
Checkpoint 8448 64
Enemy 9024 960 2000 2000
Brick 8960 0 1
Coin 8960 64
Brick 9344 0 1
Coin 9344 64
Bricks 9728 0 13 1 1
Coin 9856 64
Bricks 10048 64 8 1 2
Bricks 10112 128 7 1 2
Coin 10112 192
Bricks 10176 192 6 1 2
Bricks 10240 256 5 1 2
Coin 10240 320
Bricks 10304 320 4 1 2
Bricks 10368 384 3 1 2
Bricks 10432 448 28 1 2
Box 10432 512
Bricks 10496 512 1 6 2
Box 10560 512
Box 10624 512
Box 10560 576
Bricks 8640 896 12 1 2
Bricks 8640 960 1 6 2
Box 8704 960
Coin 8896 960
Coin 9088 960
Bricks 9344 832 2 1 2
Bricks 9408 768 2 1 2
Bricks 9472 704 2 1 2
Bricks 9536 640 2 1 2
Bricks 9600 576 2 1 2
WeakBrick 9664 896
Brick 9984 896 2
Bricks 9664 512 8 1 2
Coin 9792 576
Coin 10048 576
Brick 9984 896 2
Bricks 10304 896 30 1 2
Coin 10304 960
Cannon 10624 954 TRUE
Enemy 11136 960 2000 2000
Enemy 11520 960 2000 2000
Enemy 11904 960 2000 2000
Brick 10816 960 2
Coin 10816 1024
Brick 11200 960 2
Coin 11200 1024
Brick 11584 960 2
Coin 11584 1024
Brick 11968 960 2
Coin 11968 1024
Coin 11008 512
Coin 11392 512
Coin 11776 512
Coin 12160 512
Bricks 12416 896 8 1 2
Coin 12480 960
Coin 12800 960
Brick 12544 448 2
WeakBrick 12672 512
Coin 12672 576
WeakBrick 12800 576
WeakBrick 12928 640
Coin 12928 704
Brick 13056 704 2
Bricks 13120 768 2 1 2
Bricks 13248 832 2 1 2
Coin 13184 832
Bricks 12096 0 21 1 1
Bricks 13376 896 13 1 2
Brick 13504 1088 2
Brick 14016 1088 2
Coin 13568 960
Coin 13952 960
Bricks 13568 1088 1 2 2
Coin 13568 1216
Bricks 13632 1088 5 1 2
Coin 13760 1152
Enemy 13888 1152 2000 2000
Enemy 14080 1024 2000 2000
Bricks 13952 1088 1 2 2
Coin 13952 1216
Brick 14400 896 2
Coin 14400 960
Brick 14656 896 2
Coin 14656 960
Bricks 14912 896 5 1 2
Pole 15040 960
